3-mer: 17, [8, 24, 43, 47, 62, 109, 140, 143, 151, 169, 176, 179, 190, 217, 279, 310, 326]
4-mer: 12, [67, 74, 99, 262, 264, 315, 322, 329, 349, 354, 367, 378]
5-mer: 8, [41, 100, 128, 173, 181, 182, 266, 275]
6-mer: 8, [75, 127, 228, 247, 293, 342, 353, 386]
3-mer and 4-mer: 0, []
3-mer and 5-mer: 2, [29, 59]
3-mer and 6-mer: 3, [187, 199, 226]
4-mer and 5-mer: 2, [392, 393]
4-mer and 6-mer: 5, [6, 120, 135, 304, 380]
5-mer and 6-mer: 6, [2, 63, 112, 119, 274, 319]
3-mer and 4-mer and 5-mer: 3, [125, 178, 323]
3-mer and 4-mer and 6-mer: 3, [231, 358, 391]
3-mer and 5-mer and 6-mer: 4, [64, 65, 68, 271]
4-mer and 5-mer and 6-mer: 6, [130, 149, 171, 309, 373, 395]
3-mer and 4-mer and 5-mer and 6-mer: 49, [10, 26, 37, 53, 105, 106, 137, 145, 172, 192, 193, 223, 252, 300, 302, 305, 306, 307, 311, 313, 314, 316, 324, 327, 330, 331, 333, 335, 336, 337, 338, 341, 347, 348, 357, 360, 362, 372, 376, 381, 384, 385, 387, 388, 389, 390, 397, 398, 399]
