3-mer: 6, [130, 149, 171, 309, 373, 395]
4-mer: 4, [64, 65, 68, 271]
5-mer: 3, [231, 358, 391]
6-mer: 3, [125, 178, 323]
3-mer and 4-mer: 6, [2, 63, 112, 119, 274, 319]
3-mer and 5-mer: 5, [6, 120, 135, 304, 380]
3-mer and 6-mer: 2, [392, 393]
4-mer and 5-mer: 3, [187, 199, 226]
4-mer and 6-mer: 2, [29, 59]
5-mer and 6-mer: 0, []
3-mer and 4-mer and 5-mer: 8, [75, 127, 228, 247, 293, 342, 353, 386]
3-mer and 4-mer and 6-mer: 8, [41, 100, 128, 173, 181, 182, 266, 275]
3-mer and 5-mer and 6-mer: 12, [67, 74, 99, 262, 264, 315, 322, 329, 349, 354, 367, 378]
4-mer and 5-mer and 6-mer: 17, [8, 24, 43, 47, 62, 109, 140, 143, 151, 169, 176, 179, 190, 217, 279, 310, 326]
3-mer and 4-mer and 5-mer and 6-mer: 272, [0, 1, 3, 4, 5, 7, 9, 11, 12, 13, 14, 15, 16, 17, 18, 19, 20, 21, 22, 23, 25, 27, 28, 30, 31, 32, 33, 34, 35, 36, 38, 39, 40, 42, 44, 45, 46, 48, 49, 50, 51, 52, 54, 55, 56, 57, 58, 60, 61, 66, 69, 70, 71, 72, 73, 76, 77, 78, 79, 80, 81, 82, 83, 84, 85, 86, 87, 88, 89, 90, 91, 92, 93, 94, 95, 96, 97, 98, 101, 102, 103, 104, 107, 108, 110, 111, 113, 114, 115, 116, 117, 118, 121, 122, 123, 124, 126, 129, 131, 132, 133, 134, 136, 138, 139, 141, 142, 144, 146, 147, 148, 150, 152, 153, 154, 155, 156, 157, 158, 159, 160, 161, 162, 163, 164, 165, 166, 167, 168, 170, 174, 175, 177, 180, 183, 184, 185, 186, 188, 189, 191, 194, 195, 196, 197, 198, 200, 201, 202, 203, 204, 205, 206, 207, 208, 209, 210, 211, 212, 213, 214, 215, 216, 218, 219, 220, 221, 222, 224, 225, 227, 229, 230, 232, 233, 234, 235, 236, 237, 238, 239, 240, 241, 242, 243, 244, 245, 246, 248, 249, 250, 251, 253, 254, 255, 256, 257, 258, 259, 260, 261, 263, 265, 267, 268, 269, 270, 272, 273, 276, 277, 278, 280, 281, 282, 283, 284, 285, 286, 287, 288, 289, 290, 291, 292, 294, 295, 296, 297, 298, 299, 301, 303, 308, 312, 317, 318, 320, 321, 325, 328, 332, 334, 339, 340, 343, 344, 345, 346, 350, 351, 352, 355, 356, 359, 361, 363, 364, 365, 366, 368, 369, 370, 371, 374, 375, 377, 379, 382, 383, 394, 396]
