3-mer: 2, [83, 105]
4-mer: 5, [51, 108, 139, 166, 171]
5-mer: 3, [94, 122, 174]
6-mer: 4, [8, 18, 44, 183]
3-mer and 4-mer: 3, [43, 129, 191]
3-mer and 5-mer: 0, []
3-mer and 6-mer: 1, [104]
4-mer and 5-mer: 5, [67, 71, 75, 79, 155]
4-mer and 6-mer: 0, []
5-mer and 6-mer: 2, [56, 96]
3-mer and 4-mer and 5-mer: 5, [3, 52, 59, 101, 193]
3-mer and 4-mer and 6-mer: 5, [17, 55, 70, 159, 176]
3-mer and 5-mer and 6-mer: 5, [10, 40, 46, 175, 179]
4-mer and 5-mer and 6-mer: 5, [4, 21, 121, 128, 157]
3-mer and 4-mer and 5-mer and 6-mer: 149, [0, 1, 2, 5, 6, 7, 9, 11, 12, 13, 14, 15, 16, 19, 20, 22, 23, 24, 25, 26, 27, 28, 29, 30, 31, 32, 33, 35, 36, 37, 38, 39, 41, 42, 45, 47, 48, 49, 50, 53, 54, 57, 58, 60, 61, 62, 63, 64, 65, 66, 68, 69, 72, 73, 74, 76, 77, 78, 80, 81, 82, 84, 85, 86, 87, 88, 89, 90, 91, 92, 93, 95, 97, 98, 99, 100, 102, 103, 106, 107, 109, 110, 111, 112, 113, 114, 115, 116, 117, 118, 119, 120, 124, 125, 127, 130, 132, 133, 134, 135, 136, 137, 138, 140, 141, 142, 143, 144, 145, 146, 147, 148, 149, 150, 151, 153, 154, 156, 158, 160, 161, 163, 164, 165, 167, 168, 169, 170, 172, 173, 177, 178, 180, 181, 182, 184, 185, 186, 187, 188, 189, 190, 192, 194, 195, 196, 197, 198, 199]
